4294967294,30
4294967294,942
4294967294,941
4294967294,939
4294967294,938
4294967294,933
4294967294,922
4294967294,436
4294967294,158
4294967294,157
4294967294,156
4294967294,155
4294967294,60
4294967294,18
4294967294,127
4294967294,14
4294967294,126
4294967294,20
4294967294,13
4294967294,104
4294967294,106
4294967294,1413
890,5
890,4
890,3
890,2
890,1
889,5
889,4
889,3
889,2
889,1
888,4
888,3
888,2
888,1
887,4
887,3
887,2
887,1
886,4
886,3
886,2
886,1
885,4
885,3
885,2
885,1
884,4
884,3
884,2
884,1
883,4
883,3
883,2
883,1
4294967294,1416
882,6
882,5
882,4
882,3
882,2
882,1
881,5
881,4
881,3
881,2
881,1
880,5
880,4
880,3
880,2
880,1
879,5
879,4
879,3
879,2
879,1
4294967278,428
4294967294,12
878,5
878,4
878,3
878,2
878,1
877,5
877,4
877,3
877,2
877,1
876,4
876,3
876,2
876,1
875,4
875,3
875,2
875,1
874,4
874,3
874,2
874,1
873,4
873,3
873,2
873,1
872,4
872,3
872,2
872,1
871,4
871,3
871,2
871,1
870,6
870,5
870,4
870,3
870,2
870,1
869,5
869,4
869,3
869,2
869,1
868,5
868,4
868,3
868,2
868,1
867,5
867,4
867,3
867,2
867,1
4294967278,429
4294967279,363
866,5
866,4
866,3
866,2
866,1
865,5
865,4
865,3
865,2
865,1
864,4
864,3
864,2
864,1
863,4
863,3
863,2
863,1
862,4
862,3
862,2
862,1
861,4
861,3
861,2
861,1
860,4
860,3
860,2
860,1
859,4
859,3
859,2
859,1
858,6
858,5
858,4
858,3
858,2
858,1
857,5
857,4
857,3
857,2
857,1
856,5
856,4
856,3
856,2
856,1
855,5
855,4
855,3
855,2
855,1
4294967278,427
4294967278,426
4294967278,425
4294967278,424
4294967278,423
4294967278,422
854,5
854,4
854,3
854,2
854,1
853,5
853,4
853,3
853,2
853,1
852,4
852,3
852,2
852,1
851,4
851,3
851,2
851,1
850,4
850,3
850,2
850,1
849,4
849,3
849,2
849,1
848,4
848,3
848,2
848,1
847,4
847,3
847,2
847,1
846,6
846,5
846,4
846,3
846,2
846,1
845,5
845,4
845,3
845,2
845,1
844,5
844,4
844,3
844,2
844,1
843,5
843,4
843,3
843,2
843,1
4294967278,420
4294967278,419
4294967278,418
842,5
842,4
842,3
842,2
842,1
841,5
841,4
841,3
841,2
841,1
840,4
840,3
840,2
840,1
839,4
839,3
839,2
839,1
838,4
838,3
838,2
838,1
837,4
837,3
837,2
837,1
836,4
836,3
836,2
836,1
4294967278,416
835,4
835,3
835,2
835,1
4294967294,1417
834,6
834,5
834,4
834,3
834,2
834,1
833,5
833,4
833,3
833,2
833,1
832,5
832,4
832,3
832,2
832,1
831,5
831,4
831,3
831,2
831,1
4294967278,413
830,5
830,4
830,3
830,2
830,1
829,5
829,4
829,3
829,2
829,1
828,4
828,3
828,2
828,1
827,4
827,3
827,2
827,1
826,4
826,3
826,2
826,1
825,4
825,3
825,2
825,1
824,4
824,3
824,2
824,1
823,4
823,3
823,2
823,1
4294967294,1418
822,6
822,5
822,4
822,3
822,2
822,1
821,5
821,4
821,3
821,2
821,1
820,5
820,4
820,3
820,2
820,1
819,5
819,4
819,3
819,2
819,1
4294967278,411
818,5
818,4
818,3
818,2
818,1
817,5
817,4
817,3
817,2
817,1
816,4
816,3
816,2
816,1
815,4
815,3
815,2
815,1
814,4
814,3
814,2
814,1
813,4
813,3
813,2
813,1
812,4
812,3
812,2
812,1
811,4
811,3
811,2
811,1
810,6
810,5
810,4
810,3
810,2
810,1
809,5
809,4
809,3
809,2
809,1
808,5
808,4
808,3
808,2
808,1
807,5
807,4
807,3
807,2
807,1
4294967278,409
806,5
806,4
806,3
806,2
806,1
4294967279,362
4294967279,361
805,5
805,4
805,3
805,2
805,1
804,4
804,3
804,2
804,1
803,4
803,3
803,2
803,1
802,4
802,3
802,2
802,1
801,4
801,3
801,2
801,1
800,4
800,3
800,2
800,1
799,4
799,3
799,2
799,1
798,6
798,5
798,4
798,3
798,2
798,1
4294967279,360
797,5
797,4
797,3
797,2
797,1
796,5
796,4
796,3
796,2
796,1
795,5
795,4
795,3
795,2
795,1
4294967279,359
4294967279,358
4294967278,405
794,5
794,4
794,3
794,2
794,1
793,5
793,4
793,3
793,2
793,1
792,4
792,3
792,2
792,1
791,4
791,3
791,2
791,1
790,4
790,3
790,2
790,1
789,4
789,3
789,2
789,1
788,4
788,3
788,2
788,1
787,4
787,3
787,2
787,1
4294967278,400
786,6
786,5
786,4
786,3
786,2
786,1
785,5
785,4
785,3
785,2
785,1
784,5
784,4
784,3
784,2
784,1
783,5
783,4
783,3
783,2
783,1
4294967279,357
4294967279,356
4294967278,399
4294967279,355
782,5
782,4
782,3
782,2
782,1
4294967279,354
781,5
781,4
781,3
781,2
781,1
4294967294,161
780,4
780,3
780,2
780,1
779,4
779,3
779,2
779,1
778,4
778,3
778,2
778,1
777,4
777,3
777,2
777,1
776,4
776,3
776,2
776,1
775,4
775,3
775,2
775,1
4294967278,397
774,6
774,5
774,4
774,3
774,2
774,1
773,5
773,4
773,3
773,2
773,1
772,5
772,4
772,3
772,2
772,1
771,5
771,4
771,3
771,2
771,1
4294967279,353
4294967279,352
4294967278,421
770,5
770,4
770,3
770,2
770,1
769,5
769,4
769,3
769,2
769,1
768,4
768,3
768,2
768,1
767,4
767,3
767,2
767,1
766,4
766,3
766,2
766,1
765,4
765,3
765,2
765,1
764,4
764,3
764,2
764,1
763,4
763,3
763,2
763,1
762,6
762,5
762,4
762,3
762,2
762,1
4294967279,347
761,5
761,4
761,3
761,2
761,1
760,5
760,4
760,3
760,2
760,1
759,5
759,4
759,3
759,2
759,1
4294967278,415
758,5
758,4
758,3
758,2
758,1
757,5
757,4
757,3
757,2
757,1
756,4
756,3
756,2
756,1
755,4
755,3
755,2
755,1
754,4
754,3
754,2
754,1
753,4
753,3
753,2
753,1
752,4
752,3
752,2
752,1
751,4
751,3
751,2
751,1
750,6
750,5
750,4
750,3
750,2
750,1
749,5
749,4
749,3
749,2
749,1
748,5
748,4
748,3
748,2
748,1
4294967279,342
747,5
747,4
747,3
747,2
747,1
4294967279,339
4294967279,334
4294967279,351
746,5
746,4
746,3
746,2
746,1
745,5
745,4
745,3
745,2
745,1
744,4
744,3
744,2
744,1
743,4
743,3
743,2
743,1
742,4
742,3
742,2
742,1
741,4
741,3
741,2
741,1
740,4
740,3
740,2
740,1
4294967294,164
739,4
739,3
739,2
739,1
738,6
738,5
738,4
738,3
738,2
738,1
737,5
737,4
737,3
737,2
737,1
736,5
736,4
736,3
736,2
736,1
735,5
735,4
735,3
735,2
735,1
4294967278,255
4294967279,350
4294967279,331
734,5
734,4
734,3
734,2
734,1
733,5
733,4
733,3
733,2
733,1
732,4
732,3
732,2
732,1
731,4
731,3
731,2
731,1
730,4
730,3
730,2
730,1
729,4
729,3
729,2
729,1
728,4
728,3
728,2
728,1
727,4
727,3
727,2
727,1
726,6
726,5
726,4
726,3
726,2
726,1
725,5
725,4
725,3
725,2
725,1
724,5
724,4
724,3
724,2
724,1
723,5
723,4
723,3
723,2
723,1
4294967279,330
4294967279,329
4294967294,909
4294967279,327
4294967278,251
4294967278,417
722,5
722,4
722,3
722,2
722,1
721,5
721,4
721,3
721,2
721,1
720,4
720,3
720,2
720,1
719,4
719,3
719,2
719,1
4294967294,457
718,4
718,3
718,2
718,1
717,4
717,3
717,2
717,1
716,4
716,3
716,2
716,1
715,4
715,3
715,2
715,1
714,6
714,5
714,4
714,3
714,2
714,1
713,5
713,4
713,3
713,2
713,1
712,5
712,4
712,3
712,2
712,1
711,5
711,4
711,3
711,2
711,1
710,5
710,4
710,3
710,2
710,1
709,5
709,4
709,3
709,2
709,1
708,4
708,3
708,2
708,1
707,4
707,3
707,2
707,1
706,4
706,3
706,2
706,1
705,4
705,3
705,2
705,1
704,4
704,3
704,2
704,1
703,4
703,3
703,2
703,1
4294967278,241
702,6
702,5
702,4
702,3
702,2
702,1
701,5
701,4
701,3
701,2
701,1
700,5
700,4
700,3
700,2
700,1
699,5
699,4
699,3
699,2
699,1
4294967278,404
4294967279,252
4294967294,173
4294967294,918
698,5
698,4
698,3
698,2
698,1
697,5
697,4
697,3
697,2
697,1
696,4
696,3
696,2
696,1
695,4
695,3
695,2
695,1
694,4
694,3
694,2
694,1
693,4
693,3
693,2
693,1
692,4
692,3
692,2
692,1
691,4
691,3
691,2
691,1
690,6
690,5
690,4
690,3
690,2
690,1
689,5
689,4
689,3
689,2
689,1
688,5
688,4
688,3
688,2
688,1
687,5
687,4
687,3
687,2
687,1
4294967279,251
4294967278,407
686,5
686,4
686,3
686,2
686,1
685,5
685,4
685,3
685,2
685,1
684,4
684,3
684,2
684,1
683,4
683,3
683,2
683,1
682,4
682,3
682,2
682,1
681,4
681,3
681,2
681,1
680,4
680,3
680,2
680,1
679,4
679,3
679,2
679,1
678,6
678,5
678,4
678,3
678,2
678,1
677,5
677,4
677,3
677,2
677,1
676,5
676,4
676,3
676,2
676,1
675,5
675,4
675,3
675,2
675,1
4294967278,221
674,5
674,4
674,3
674,2
674,1
673,5
673,4
673,3
673,2
673,1
672,4
672,3
672,2
672,1
4294967278,414
4294967294,914
671,4
671,3
671,2
671,1
670,4
670,3
670,2
670,1
669,4
669,3
669,2
669,1
668,4
668,3
668,2
668,1
667,4
667,3
667,2
667,1
666,6
4294967278,215
666,5
666,4
666,3
666,2
666,1
665,5
665,4
665,3
665,2
665,1
664,5
664,4
664,3
664,2
664,1
663,5
663,4
663,3
663,2
663,1
4294967278,137
662,5
662,4
662,3
662,2
662,1
661,5
661,4
661,3
661,2
661,1
660,4
660,3
660,2
660,1
659,4
659,3
659,2
659,1
658,4
658,3
658,2
658,1
657,4
657,3
657,2
657,1
656,4
656,3
656,2
656,1
655,4
655,3
655,2
655,1
654,6
654,5
654,4
654,3
654,2
654,1
653,5
653,4
653,3
653,2
653,1
652,5
652,4
652,3
652,2
652,1
651,5
651,4
651,3
651,2
651,1
4294967278,381
4294967278,380
4294967278,379
650,5
650,4
650,3
650,2
650,1
649,5
649,4
649,3
649,2
649,1
648,4
648,3
648,2
648,1
647,4
647,3
647,2
647,1
646,4
646,3
646,2
646,1
645,4
645,3
645,2
645,1
644,4
644,3
644,2
644,1
643,4
643,3
643,2
643,1
642,6
642,5
642,4
642,3
642,2
642,1
641,5
641,4
641,3
641,2
641,1
640,5
640,4
640,3
640,2
640,1
639,5
639,4
639,3
639,2
639,1
4294967278,412
638,5
638,4
638,3
638,2
638,1
637,5
637,4
637,3
637,2
637,1
636,4
636,3
636,2
636,1
635,4
635,3
635,2
635,1
634,4
634,3
634,2
634,1
633,4
633,3
633,2
633,1
632,4
632,3
632,2
632,1
631,4
631,3
631,2
631,1
630,6
630,5
630,4
630,3
630,2
630,1
629,5
629,4
629,3
629,2
629,1
628,5
628,4
628,3
628,2
628,1
627,5
627,4
627,3
627,2
627,1
4294967279,216
4294967278,371
4294967278,370
626,5
4294967294,963
626,4
626,3
626,2
626,1
625,5
625,4
625,3
625,2
625,1
624,4
624,3
624,2
624,1
623,4
623,3
623,2
623,1
622,4
622,3
622,2
622,1
621,4
621,3
621,2
621,1
620,4
620,3
620,2
620,1
619,4
619,3
619,2
619,1
618,6
618,5
618,4
618,3
618,2
618,1
617,5
617,4
617,3
617,2
617,1
616,5
616,4
616,3
616,2
616,1
615,5
615,4
615,3
615,2
615,1
4294967279,156
614,5
614,4
614,3
614,2
614,1
613,5
613,4
613,3
613,2
613,1
612,4
612,3
612,2
612,1
611,4
611,3
611,2
611,1
4294967294,416
4294967294,450
610,4
610,3
610,2
610,1
609,4
609,3
609,2
609,1
608,4
608,3
608,2
608,1
607,4
607,3
607,2
607,1
4294967279,137
606,6
606,5
606,4
606,3
606,2
606,1
605,5
605,4
605,3
605,2
605,1
4294967278,361
4294967279,348
604,5
604,4
604,3
604,2
604,1
603,5
603,4
603,3
603,2
603,1
4294967278,360
4294967278,357
4294967279,319
4294967279,349
4294967279,318
4294967278,354
602,5
602,4
602,3
602,2
602,1
601,5
601,4
601,3
601,2
601,1
600,4
600,3
600,2
600,1
599,4
599,3
599,2
599,1
598,4
598,3
598,2
598,1
597,4
597,3
597,2
597,1
596,4
596,3
596,2
596,1
595,4
595,3
595,2
595,1
594,6
594,5
594,4
594,3
594,2
594,1
593,5
593,4
593,3
593,2
593,1
